String Test
Exp #1.0
10 51125 10337 18717 31010 25982 
20 96661 14807 44699 55595 49448 
30 159241 21791 66210 96104 71239 
40 215114 26819 105043 121246 117336 
50 290824 33524 130465 165387 159800 
60 376589 41347 159520 204219 162313 
70 463194 59506 232435 258975 209247 
80 578574 56712 264562 284957 272106 
90 655122 62579 297808 341111 299205 
100 732785 69563 329935 371002 336641 

Exp #2.0
100 281884 19835 99735 209247 71518 
200 574103 38832 279370 492249 162313 
300 951532 57830 430229 751224 257299 
400 1229784 76268 585000 1021653 333567 
500 1695213 95823 724404 2161759 406762 
600 389161 114822 1028358 3172797 560135 
700 421568 143038 1207993 3706670 664061 
800 560135 165946 1428974 4490024 771060 
900 544770 180473 1624811 4833368 1850822 
1000 744799 207292 1812269 5599677 2015090 

Exp #3.0
1000 633889 1781538 492807 1993859 
2000 1880435 4213168 746475 4259822 
3000 2501193 892306 1000421 7674554 
4000 3360254 1216654 1346280 8538922 
5000 2449231 1426739 1590170 12956309 
6000 4736706 3234258 3274488 15277867 
7000 5313044 4264572 3528993 2488342 
8000 4431076 5413897 2948463 1888816 
9000 8260950 8903499 5505530 3664487 
10000 7984653 11300766 5444069 3735168 

Exp #4.0
10000 9398262 11433467 6630550 4341955 
20000 22181362 30496509 14614923 10784772 
30000 37481297 44933195 22890120 17682678 
40000 54052645 65211491 34138646 26266018 
50000 71688667 93839579 41818506 35554490 
60000 94610637 110374327 55727184 45688328 
70000 110251126 129938557 63599810 52584281 
80000 130806836 144799047 77352042 63216516 
90000 148784248 163084882 86021428 69880031 
100000 177296956 207374128 104448905 87603777 

1000000
Exp #5.0
100000 173548937 190110226 105155430 84174239 
200000 456083176 469287286 255943872 212622919 
300000 760755196 762038060 418518907 348917685 
400000 1083873409 1027156420 589255713 486767141 
500000 1421063172 1282636539 754561580 625763688 
600000 1798221179 1676214475 934259154 792132834 
700000 2187731499 2000455473 1161126832 959759702 
800000 2508400200 2207528442 1348312064 1091604395 
900000 2960334186 2584467423 1578038249 1278114667 
1000000 3356491536 2880027814 1772245145 1444768212 


Integer Test
Exp #1.0
152536 6984 22628 62859 119290 
64535 11733 36038 93031 41067 
90237 16762 61181 144713 41906 
132421 23467 82413 208968 113423 
169298 26819 86045 247521 168739 
230759 32686 103925 301439 184663 
268194 37715 145551 355637 221261 
313172 43023 168181 425479 278531 
540859 48331 185781 461239 314849 
734182 53639 208130 517391 327141 

Exp #2.0
731948 53081 205057 529684 318202 
1610564 106719 482192 1103229 709040 
2509574 159241 845093 1732090 1142899 
3470326 211762 481353 2353687 1499375 
4417666 264563 513201 2954609 1814783 
5425630 326303 543652 3645210 2366258 
6439182 383016 588630 3694100 1784610 
4968862 273503 415981 3970116 1992741 
5643259 309542 196955 4633339 2210928 
3675103 191368 83252 4942880 2275743 

10000
Exp #3.0
6152550 80458 4928354 1937705 
3204924 176003 9976555 4147238 
10186363 293896 818552 7398257 
1309124 427436 1117477 10107860 
1508315 612098 1483172 12490320 
1872613 783631 1812547 14428305 
2267082 936446 2174610 15818447 
2642275 1098200 2478843 17360007 
3054903 1378128 2916336 19645246 
3432889 1553294 3287338 22479170 

Exp #4.0
3408864 1556925 3281192 21893051 
7655556 3606657 7237340 16696505 
12169324 5494076 11327586 3456915 
16910221 8036337 16166819 4912708 
21922386 10452042 21313920 6591157 
29047978 19356100 28034705 8814101 
38412993 33920738 36007624 12020980 
48284787 47317053 44772836 15521198 
58540153 61192205 54205460 20233598 
68912575 74386817 63873312 21896682 

Exp #5.0
68836308 74441293 63779165 20688971 
188295164 220069507 176896341 53989507 
327975327 382218501 305599246 90969059 
479190368 531591102 445325224 131907272 
650473899 698338513 649107784 171277945 
817804915 897790010 808535163 215261283 
1023884168 1066315887 1024066596 281392457 
1260049254 1246983433 1246834529 323191687 
1421051997 1422955898 1419342815 412572811 
1680159726 1615274539 1682081507 453187793 